            0.000000 -4.048975 -3.859202  0.617259
            0.104914 -4.234005 -3.991014  0.710052
            0.200013 -4.239991 -4.046192  0.617000
            0.299999 -4.208876 -4.023064  0.438780
            0.399996 -4.306657 -4.012505  0.393507
            0.500001 -4.400873 -4.080015  0.419275
            0.600007 -4.504341 -4.254859  0.450978
            0.700087 -4.617377 -4.344579  0.441752
            0.800118 -4.736760 -4.369706  0.378804
            0.900095 -4.819935 -4.397655  0.301900
            1.000150 -4.776330 -4.424406  0.220144
            1.104943 -4.758028 -4.432621  0.145977
            1.199959 -4.753717 -4.405474  0.183970
            1.300045 -4.765334 -4.437456  0.053414
            1.399992 -4.771816 -4.442033 -0.300668
            1.500090 -4.812138 -4.438641 -0.679494
            1.600024 -4.861775 -4.438604 -0.690624
            1.700082 -4.846122 -4.492038 -0.660641
            1.800087 -4.813354 -4.547820 -0.674242
            1.899938 -4.862888 -4.595533 -0.618850
            2.000009 -4.922509 -4.557030 -0.646138
            2.105006 -4.980741 -4.546740 -0.825638
            2.199991 -5.135291 -4.571564 -0.991840
            2.299972 -5.289536 -4.709888 -1.257668
            2.399919 -5.404436 -4.849674 -1.448336
            2.499956 -5.467542 -4.953382 -1.654638
            2.599926 -5.516898 -4.975677 -1.724221
            2.699969 -5.521210 -4.902945 -1.686752
            2.799967 -5.561199 -4.862234 -1.688649
            2.899904 -5.641205 -4.867642 -1.690055
            2.999870 -5.757437 -4.906827 -1.633057
            3.104928 -5.868502 -4.922344 -1.629381
            3.199859 -5.924371 -4.959665 -1.679113
            3.299863 -5.814285 -5.040004 -1.689099
            3.399889 -5.663965 -5.058568 -1.740927
            3.499922 -5.448289 -4.915238 -1.740877
            3.599868 -5.365301 -4.588127 -1.625824
            3.699908 -5.479993 -4.321507 -1.347511
            3.799916 -5.707053 -4.028204 -1.122973
            3.899915 -6.014969 -3.764196 -1.055322
            3.999863 -6.394414 -3.720014 -0.873157
            4.105011 -6.885794 -3.676631 -0.812265
            4.199882 -7.245956 -3.800419 -0.761363
            4.299919 -7.380800 -3.890305 -0.856335
            4.399867 -7.270916 -3.963899 -0.929119
            4.499865 -7.309117 -3.924606 -0.890468
            4.599853 -7.287145 -3.800474 -0.831348
            4.699864 -7.013188 -3.752394 -0.679688
            4.799868 -6.674878 -3.769284 -0.529759
            4.899864 -6.448249 -3.816602 -0.592597
            4.999851 -6.196500 -3.855889 -0.702370
            5.104918 -5.943541 -3.995002 -0.810010
            5.199852 -5.742642 -4.157147 -0.893130
            5.299874 -5.637782 -4.173414 -1.104659
            5.399864 -5.494944 -4.186479 -1.112452
            5.499871 -5.449411 -4.251192 -1.175525
            5.599864 -5.621695 -4.345861 -1.320680
            5.699867 -5.743559 -4.426020 -1.378311
            5.799874 -5.736679 -4.485112 -1.188719
            5.899873 -5.673353 -4.534156 -0.984033
            5.999864 -5.574402 -4.528992 -0.818919
            6.099917 -5.515414 -4.522019 -0.515137
            6.199916 -5.454933 -4.542349 -0.125026
            6.299872 -5.511431 -4.634067  0.171047
            6.399864 -5.711643 -4.784028  0.259805
            6.499864 -6.114945 -4.866714  0.150533
            6.599851 -6.533482 -4.949701 -0.141790
            6.699877 -6.948918 -5.087774 -0.569362
            6.799873 -7.342711 -5.294704 -1.189586
            6.899872 -7.636725 -5.525060 -1.747119
            6.999915 -7.730711 -5.789956 -2.022186
            7.104866 -7.711901 -5.996544 -2.177371
            7.199868 -7.560908 -6.069043 -2.170743
            7.299866 -7.425562 -6.094452 -2.095619
            7.399852 -7.256603 -6.086134 -2.043949
            7.499912 -7.335549 -6.024572 -2.115091
            7.599914 -7.416406 -6.020489 -2.246162
            7.699921 -7.504519 -6.020398 -2.238672
            7.799869 -7.595498 -6.027680 -2.276381
            7.899855 -7.763435 -6.024501 -2.469857
            7.999866 -8.077391 -6.027041 -2.856127
            8.104865 -8.368620 -6.107232 -3.292905
            8.199866 -8.532799 -6.250789 -3.867830
            8.299854 -8.725881 -6.446758 -4.560963
            8.399866 -8.845200 -6.664863 -5.367725
            8.499864 -9.000641 -6.928847 -6.394924
            8.599868 -9.177871 -7.118541 -7.510109
            8.699882 -9.429183 -7.234848 -8.449873
            8.799919 -9.646475 -7.475150 -9.289916
            8.899866  -9.995423  -7.724513 -10.171552
            8.999930 -10.415164  -7.969449 -10.905843
            9.104917 -10.826095  -8.179435 -11.565846
            9.199880 -11.010881  -8.373458 -12.091078
            9.299908 -11.085160  -8.553870 -12.602658
            9.399875 -11.223571  -8.649392 -12.960246
            9.499875 -11.463881  -8.804078 -13.251535
            9.599873 -11.595683  -8.861300 -13.423775
            9.699875 -11.695644  -8.893066 -13.568732
            9.799871 -11.798030  -8.931714 -13.615917
            9.899852 -11.777352  -8.883990 -13.813225
            9.999886 -11.834743  -8.881370 -14.000616
           10.099867 -11.920403  -8.863795 -13.998644
           10.199866 -12.072105  -8.794170 -13.971162
           10.299920 -12.158774  -8.814146 -14.021894
           10.399880 -12.331815  -8.823567 -14.125688
           10.499875 -12.472663  -8.822450 -14.188583
           10.599866 -12.682591  -8.826828 -14.427039
           10.699872 -12.942011  -8.920064 -14.606667
           10.799865 -13.143274  -8.966179 -14.654863
           10.899873 -13.334817  -8.883694 -14.533892
           10.999868 -13.493441  -8.782147 -14.399167
           11.099859 -13.622141  -8.728617 -14.331223
           11.199863 -13.578297  -8.730875 -14.214767
           11.299864 -13.448919  -8.661664 -14.038889
           11.399852 -13.426573  -8.500121 -13.916238
           11.499872 -13.579818  -8.300520 -13.990939
           11.599864 -13.812360  -8.214366 -14.183266
           11.699880 -14.063690  -8.138617 -14.467169
           11.799869 -14.213387  -7.978089 -14.698660
           11.899894 -14.322518  -7.740054 -14.748358
           11.999850 -14.364420  -7.520782 -14.707388
           12.099917 -14.409047  -7.273526 -14.685279
           12.199876 -14.495462  -7.048616 -14.808282
           12.299853 -14.651410  -6.767152 -14.937418
           12.399873 -14.748454  -6.537088 -15.008476
           12.499877 -14.734591  -6.309397 -15.078113
           12.599873 -14.603761  -6.200497 -15.031530
           12.699874 -14.492540  -6.031959 -14.824808
           12.799875 -14.338289  -5.894600 -14.519529
           12.899852 -14.260433  -5.857642 -14.281364
           12.999851 -14.289897  -5.763135 -14.049735
           13.104920 -14.393511  -5.710038 -13.869044
           13.199869 -14.553094  -5.705614 -13.761937
           13.299871 -14.738894  -5.715850 -13.691868
           13.399854 -14.918551  -5.711202 -13.590744
           13.499871 -14.991356  -5.757174 -13.501539
           13.599870 -15.018345  -5.751099 -13.580394
           13.699873 -14.995775  -5.671996 -13.667171
           13.799874 -14.976987  -5.576924 -13.600660
           13.899854 -14.885719  -5.674098 -13.498641
           13.999867 -14.681548  -5.910274 -13.464351
           14.104883 -14.355899  -6.208352 -13.452162
           14.199870 -14.017750  -6.513014 -13.536131
           14.299868 -13.655015  -6.855802 -13.849253
           14.399863 -13.179457  -7.283828 -14.358635
           14.499851 -12.567627  -7.826228 -14.990776
           14.599916 -11.647349  -8.420470 -15.627837
           14.699869 -10.523750  -9.062043 -16.442862
           14.799866  -9.247653  -9.850989 -17.349634
           14.899863  -7.919285 -10.612341 -18.365741
           15.004852  -6.476905 -11.412707 -19.424999
           15.099864  -4.950255 -12.265509 -20.228062
           15.199868  -3.230346 -13.263191 -21.085071
           15.299850  -1.487089 -14.320716 -21.824519
           15.399917   0.402763 -15.515714 -22.623225
           15.499851   2.522860 -16.933156 -23.482143
           15.599938   4.701902 -18.442502 -24.417938
           15.699918   6.902425 -20.045734 -25.366663
           15.799869   9.258593 -21.868835 -26.253233
           15.899852  11.856482 -23.803614 -27.058993
           16.004926  14.690406 -25.941697 -27.873842
           16.099918  17.394087 -27.942998 -28.656398
           16.199919  20.376253 -30.061571 -29.415738
           16.299920  23.280594 -32.130603 -30.150001
           16.399921  26.015484 -34.225486 -31.061109
           16.499917  28.669470 -36.422691 -32.132905
           16.599852  31.328032 -38.697322 -33.516926
           16.699868  34.081417 -41.134985 -34.951849
           16.799921  36.780333 -43.725820 -36.417123
           16.899935  39.338473 -46.210533 -37.739959
           17.004925  42.083482 -48.774724 -39.145499
           17.099936  44.569110 -51.042481 -40.475693
           17.199926  47.156277 -53.381160 -41.874453
           17.299922  49.744641 -55.656259 -43.247425
           17.399921  52.386268 -57.905941 -44.551551
           17.499918  55.046441 -59.937349 -45.801725
           17.599922  57.562868 -61.755957 -46.978469
           17.699865  60.183738 -63.629784 -48.139012
           17.799851  62.681647 -65.415695 -49.287561
           17.899866  65.114223 -67.219064 -50.492582
           18.004865  67.587922 -68.999054 -51.864565
           18.099916  69.623509 -70.398830 -53.029356
           18.199871  71.659982 -71.927061 -54.385541
           18.299865  73.613288 -73.586612 -56.048195
           18.399925  75.498031 -75.374064 -58.012429
           18.499854  77.474446 -77.259464 -60.024697
           18.599888  79.651815 -79.140693 -61.959729
           18.699868  81.872578 -80.998750 -63.855196
           18.799939  84.287110 -82.963591 -65.641669
           18.899928  86.722926 -84.821677 -67.374404
           19.004924  89.367186 -86.831769 -69.089185
           19.099931  91.893027 -88.618661 -70.517936
           19.199921  94.550526 -90.557881 -72.096757
           19.299921  97.303650 -92.455739 -73.552398
           19.399923 100.050387 -94.396828 -74.974105
           19.499932 102.846487 -96.400826 -76.496408
           19.599929 105.663059 -98.338500 -77.916518
           19.699924  108.401676 -100.199821  -79.281045
           19.799923  111.331740 -102.135680  -80.647148
           19.899921  114.274901 -104.189405  -82.061138
           20.004922  117.161268 -106.368595  -83.867958
           20.099931  119.680411 -108.295887  -85.498898
           20.199932  122.285761 -110.148779  -87.191509
           20.299929  124.940162 -112.021696  -88.961085
           20.399937  127.742901 -113.909227  -90.615690
           20.499932  130.756303 -115.872038  -92.263236
           20.599941  133.839705 -117.948093  -93.897596
           20.699940  136.945666 -120.033715  -95.717534
           20.799939  140.074392 -122.103236  -97.703176
           20.899950  143.156000 -124.105144  -99.605366
           23.104865  212.750335 -170.601471 -159.163476
           23.199924  215.457550 -172.706515 -163.004265
           23.300013  218.460709 -174.923334 -167.075250
           23.399983  221.369837 -177.011752 -171.114929
           23.499960  224.356056 -179.028581 -175.061158
           23.599931  227.500789 -180.999737 -178.975033
           23.699871  230.643214 -182.872474 -182.935155
           23.800018  233.666874 -184.672372 -187.027892
           23.899957  236.637725 -186.469725 -191.296322
           24.004922  239.755816 -188.433686 -195.957018
           24.099928  242.671822 -190.314040 -200.365505
           24.199889  245.812998 -192.336425 -205.161251
           24.299948  248.870716 -194.440504 -209.958253
           24.399871  251.770606 -196.579283 -214.828260
           24.499958  254.683678 -198.698477 -219.729347
           24.599883  257.636784 -200.801021 -224.507296
           24.699877  260.560543 -202.758318 -229.274550
           24.799907  263.425749 -204.527111 -233.996131
           24.899950  266.220923 -206.292914 -238.792866
           24.999932  269.102526 -208.064435 -243.688607
           25.099875  272.021978 -209.894190 -248.645813
           25.199872  274.963975 -211.807377 -253.673573
           25.299877  277.896031 -213.686072 -258.709269
           25.399875  280.863327 -215.600637 -263.697880
           27.399870  349.290377 -252.789279 -372.856265
           27.499871  353.446464 -254.997029 -379.078892
           27.599869  357.630672 -257.245706 -385.368318
           27.699877  361.854269 -259.612989 -391.790391
           27.799923  366.234800 -262.065673 -398.371148
           27.899921  370.594982 -264.562172 -405.080964
           27.999916  374.844597 -267.115867 -411.938234
           28.099852  379.221412 -269.631059 -418.905209
           28.199873  383.721833 -272.273301 -425.999112
           28.299927  388.131276 -274.945204 -433.304421
           28.399880  392.538966 -277.473060 -440.607951
           28.499949  397.016332 -279.877921 -447.773131
           28.599874  401.600694 -282.254750 -454.879218
           28.699857  406.251607 -284.622720 -461.991545
           28.799876  410.945406 -286.976106 -469.219291
           28.899860  415.754087 -289.511545 -476.636119
           28.999869  420.610561 -292.160124 -484.168860
           29.104851  425.723959 -295.129298 -492.344750
           29.199970  430.631743 -297.921775 -499.841531
           29.299884  435.870359 -300.986618 -507.894381
