            0.000000 0.000000 0.000000 0.000000 1 2
            0.100000  0.000000 -0.000000  0.006000 1 2
            0.200000  0.000000 -0.000000  0.007000 1 2
            0.300000  0.000000 -0.000000  0.006000 1 2
            0.400000 -0.000000 -0.000000  0.009000 1 2
            0.500000  0.000000 -0.000000  0.006000 1 2
            0.600000 -0.008519  0.000000 -0.000000 1 2
            0.700000 -0.000000 -0.000000 -0.002000 1 2
            0.800000  0.000000 -0.000000  0.001000 1 2
            0.900000 -0.008519 -0.000000  0.008000 1 2
            1.000000 -0.008519 -0.000000  0.016000 1 2
            1.100000  0.000000 -0.000000  0.014000 1 2
            1.200000  0.000000 -0.000000  0.008000 1 2
            1.300000 -0.008519  0.011104  0.001000 1 2
            1.400000 -0.008519 -0.000000  0.007000 1 2
            1.500000 -0.008519 -0.000000  0.013000 1 2
            1.600000  0.000000 -0.000000  0.007000 1 2
            1.700000 -0.000000 -0.000000  0.003000 1 2
            1.800000 -0.008519  0.011104 -0.003000 1 2
            1.900000 -0.008519  0.011104  0.005000 1 2
            2.000000 -0.008519 -0.000000  0.007000 1 2
            2.100000 -0.000000 -0.000000  0.004000 1 2
            2.200000  0.000000 -0.000000  0.001000 1 2
            2.300000  0.000000 -0.000000  0.001000 1 2
            2.400000 -0.000000  0.011104 -0.003000 1 2
            2.500000 -0.008519  0.011104  0.003000 1 2
            2.600000  0.000000 -0.000000  0.011000 1 2
            2.700000 -0.008519 -0.000000  0.008000 1 2
            2.800000 -0.000000 -0.000000 -0.002000 1 2
            2.900000 -0.008519  0.011104 -0.001000 1 2
            3.000000 -0.008519 -0.000000  0.001000 1 2
            3.100000 -0.008519 -0.000000 -0.004000 1 2
            3.200000 -0.008519  0.000000 -0.000000 1 2
            3.300000 -0.008519 -0.000000  0.003000 1 2
            3.400000 -0.008519 -0.000000  0.009000 1 2
            3.500000 -0.008519  0.011104  0.010000 1 2
            3.600000 -0.008519  0.011104  0.008000 1 2
            3.700000 -0.008519  0.011104  0.004000 1 2
            3.800000 -0.000000 -0.000000  0.005000 1 2
            3.900000 -0.000000 -0.000000  0.005000 1 2
            4.000000 -0.008519  0.011104  0.004000 1 2
            4.100000 -0.008519  0.011104  0.002000 1 2
            4.200000 -0.008519 -0.000000 -0.001000 1 2
            4.300000 -0.008519 -0.000000  0.003000 1 2
            4.400000 -0.008519  0.011104  0.005000 1 2
            4.500000 0.000000 0.011104 0.011000 1 2
            4.600000  0.000000 -0.000000  0.011000 1 2
            4.700000 0.000000 0.011104 0.012000 1 2
            4.800000 0.000000 0.011104 0.004000 1 2
            4.900000 -0.008519 -0.000000 -0.003000 1 2
            5.000000 -0.008519  0.011104 -0.004000 1 2
            5.100000  0.000000  0.011104 -0.000000 1 2
            5.200000 -0.000000 -0.000000  0.004000 1 2
            5.300000 -0.000000 -0.000000  0.004000 1 2
            5.400000 -0.008519  0.011104 -0.004000 1 2
            5.500000 0.000000 0.000000 0.000000 1 2
            5.600000 -0.000000  0.011104  0.006000 1 2
            5.700000 -0.000000  0.011104  0.009000 1 2
            5.800000  0.000000 -0.000000  0.014000 1 2
            5.900000 -0.000000 -0.000000  0.016000 1 2
            6.000000 0.000000 0.011104 0.010000 1 2
            6.100000 -0.000000 -0.000000  0.003000 1 2
            6.200000 -0.017038  0.011104  0.003000 1 2
            6.300000 -0.008519  0.011104  0.001000 1 2
            6.400000  0.000000  0.011104 -0.001000 1 2
            6.500000 -0.008519 -0.000000 -0.009000 1 2
            6.600000 -0.008519  0.011104  0.008000 1 2
            6.700000 0.000000 0.011104 0.010000 1 2
            6.800000 -0.008519 -0.000000  0.007000 1 2
            6.900000 -0.008519 -0.000000  0.003000 1 2
            7.000000 0.000000 0.011104 0.003000 1 2
            7.100000 -0.008519  0.011104  0.003000 1 2
            7.200000 -0.008519 -0.000000  0.004000 1 2
            7.300000 -0.008519 -0.000000  0.006000 1 2
            7.400000 -0.008519 -0.000000  0.007000 1 2
            7.500000 -0.008519 -0.000000 -0.001000 1 2
            7.600000 -0.008519 -0.000000  0.007000 1 2
            7.700000 -0.008519 -0.000000  0.005000 1 2
            7.800000  0.000000 -0.000000 -0.012000 1 2
            7.900000 -0.008519 -0.000000 -0.012000 1 2
            8.000000 -0.008519 -0.000000 -0.008000 1 2
            8.100000 -0.008519 -0.000000 -0.009000 1 2
            8.200000 -0.008519 -0.000000 -0.004000 1 2
            8.300000 -0.008519  0.011104  0.002000 1 2
            8.400000 -0.008519  0.011104  0.003000 1 2
            8.500000 -0.008519 -0.000000  0.008000 1 2
            8.600000 -0.008519 -0.000000  0.005000 1 2
            8.700000 -0.008519 -0.000000  0.007000 1 2
            8.800000 0.000000 0.011104 0.010000 1 2
            8.900000 -0.008519 -0.000000  0.008000 1 2
            9.000000 -0.008519 -0.000000 -0.001000 1 2
            9.100000 -0.008519 -0.000000 -0.007000 1 2
            9.200000 -0.008519 -0.000000 -0.006000 1 2
            9.300000 -0.008519 -0.000000 -0.004000 1 2
            9.400000  0.000000 -0.000000  0.001000 1 2
            9.500000 -0.008519  0.011104 -0.000000 1 2
            9.600000 -0.008519 -0.000000 -0.002000 1 2
            9.700000 -0.008519 -0.000000  0.004000 1 2
            9.800000 -0.008519 -0.000000  0.003000 1 2
            9.900000 -0.008519 -0.000000  0.009000 1 2
           10.000000 -0.000000 -0.000000  0.004000 1 2
           10.100000  0.000000 -0.000000  0.006000 1 2
           10.200000 -0.000000  0.011104 -0.006000 1 2
           10.300000 -0.008519 -0.000000  0.001000 1 2
           10.400000 -0.008519 -0.000000  0.002000 1 2
           10.500000 -0.008519 -0.000000 -0.003000 1 2
           10.600000  0.000000 -0.000000  0.002000 1 2
           10.700000 -0.008519 -0.000000  0.010000 1 2
           10.800000  0.000000 -0.000000  0.008000 1 2
           10.900000 -0.008519  0.011104  0.013000 1 2
           11.000000 0.000000 0.011104 0.003000 1 2
           11.100000 -0.008519 -0.000000  0.001000 1 2
           11.200000 0.000000 0.011104 0.007000 1 2
           11.300000 0.000000 0.011104 0.004000 1 2
           11.400000  0.000000 -0.000000  0.002000 1 2
           11.500000 -0.000000 -0.000000  0.005000 1 2
           11.600000 -0.008519 -0.000000 -0.012000 1 2
           11.700000 -0.008519 -0.011104 -0.014000 1 2
           11.800000  0.000000 -0.011104 -0.008000 1 2
           11.900000 -0.000000 -0.000000 -0.021000 1 2
           12.000000  0.000000 -0.000000 -0.024000 1 2
           12.100000 -0.000000 -0.011104 -0.012000 1 2
           12.200000 -0.008519  0.011104 -0.006000 1 2
           12.300000 -0.008519 -0.000000 -0.001000 1 2
           12.400000 -0.008519 -0.000000 -0.005000 1 2
           12.500000 -0.008519 -0.000000 -0.003000 1 2
           12.600000  0.000000 -0.000000  0.001000 1 2
           12.700000 -0.000000  0.011104  0.014000 1 2
           12.800000 -0.000000 -0.000000  0.016000 1 2
           12.900000 -0.008519 -0.000000  0.011000 1 2
           13.000000 -0.000000 -0.000000  0.010000 1 2
           13.100000 -0.008519 -0.000000 -0.002000 1 2
           13.200000 -0.008519 -0.000000 -0.004000 1 2
           13.300000 -0.008519 -0.000000 -0.011000 1 2
           13.400000 -0.008519  0.011104 -0.008000 1 2
           13.500000 -0.008519  0.011104 -0.012000 1 2
           13.600000 -0.008519 -0.000000 -0.015000 1 2
           13.700000 -0.008519 -0.000000 -0.011000 1 2
           13.800000  0.000000  0.022208 -0.008000 1 2
           13.900000  0.000000  0.022208 -0.009000 1 2
           14.000000 -0.008519  0.011104 -0.008000 1 2
           14.100000  0.000000  0.011104 -0.000000 1 2
           14.200000 -0.008519  0.011104  0.005000 1 2
           14.300000 -0.008519 -0.000000  0.019000 1 2
           14.400000 -0.008519 -0.000000  0.008000 1 2
           14.500000 -0.008519  0.011104  0.007000 1 2
           14.600000 0.000000 0.011104 0.007000 1 2
           14.700000 -0.008519  0.011104  0.017000 1 2
           14.800000 -0.008519  0.011104  0.012000 1 2
           14.900000 -0.008519  0.011104  0.009000 1 2
           15.000000 -0.008519 -0.000000  0.011000 1 2
           15.100000 0.000000 0.011104 0.011000 1 2
           15.200000 -0.000000  0.011104  0.014000 1 2
           15.300000 -0.008519  0.011104  0.013000 1 2
           15.400000 -0.008519  0.011104  0.010000 1 2
           15.500000 -0.008519  0.011104  0.011000 1 2
           15.600000 0.000000 0.011104 0.012000 1 2
           15.700000 -0.000000  0.011104  0.017000 1 2
           15.800000  0.000000  0.011104 -0.000000 1 2
           15.900000 -0.008519 -0.000000  0.002000 1 2
           16.000000 -0.008519 -0.000000  0.006000 1 2
           16.100000 -0.008519  0.011104  0.009000 1 2
           16.200000 0.000000 0.011104 0.015000 1 2
           16.300000 -0.000000  0.011104  0.013000 1 2
           16.400000 -0.000000  0.011104  0.001000 1 2
           16.500000  0.000000  0.011104 -0.004000 1 2
           16.600000 -0.017038  0.011104 -0.009000 1 2
           16.700000  0.000000  0.011104 -0.002000 1 2
           16.800000 0.000000 0.011104 0.005000 1 2
           16.900000 -0.000000  0.011104  0.006000 1 2
           17.000000  0.000000  0.011104 -0.000000 1 2
           17.100000 -0.008519  0.011104 -0.002000 1 2
           17.200000  0.000000 -0.000000  0.007000 1 2
           17.300000 -0.008519  0.011104  0.010000 1 2
           17.400000 -0.017038  0.011104  0.004000 1 2
           17.500000 -0.008519  0.011104  0.007000 1 2
           17.600000 -0.008519  0.011104  0.005000 1 2
           17.700000 -0.008519  0.011104 -0.002000 1 2
           17.800000 -0.008519  0.011104 -0.002000 1 2
           17.900000 -0.008519  0.011104  0.012000 1 2
           18.000000 -0.008519 -0.000000  0.003000 1 2
           18.100000 -0.008519  0.011104  0.010000 1 2
           18.200000 -0.000000 -0.000000  0.009000 1 2
           18.300000 -0.008519 -0.000000  0.008000 1 2
           18.400000 -0.008519  0.011104  0.012000 1 2
           18.500000 0.000000 0.011104 0.027000 1 2
           18.600000 -0.008519  0.011104  0.021000 1 2
           18.700000 -0.008519  0.011104  0.019000 1 2
           18.800000 -0.008519 -0.000000  0.014000 1 2
           18.900000 -0.008519 -0.000000  0.004000 1 2
           19.000000 -0.008519  0.011104  0.008000 1 2
           19.100000 0.000000 0.011104 0.003000 1 2
           19.200000 -0.008519 -0.000000 -0.008000 1 2
           19.300000  0.000000  0.011104 -0.009000 1 2
           19.400000  0.000000 -0.000000 -0.006000 1 2
           19.500000 -0.008519  0.011104  0.001000 1 2
           19.600000 -0.008519  0.011104  0.010000 1 2
           19.700000 -0.008519  0.011104  0.016000 1 2
           19.800000 -0.008519  0.011104  0.007000 1 2
           19.900000 -0.008519  0.011104  0.012000 1 2
           20.000000 -0.008519  0.011104  0.021000 1 2
           20.100000 -0.008519  0.011104  0.025000 1 2
           20.200000 -0.000000  0.011104  0.021000 1 2
           20.300000 -0.008519  0.011104 -0.002000 1 2
           20.400000 -0.008519 -0.000000 -0.011000 1 2
           20.500000 -0.008519 -0.000000 -0.010000 1 2
           20.600000 -0.017038 -0.000000 -0.016000 1 2
           20.700000 -0.008519 -0.000000 -0.011000 1 2
           20.800000 -0.008519  0.011104 -0.018000 1 2
           20.900000 -0.008519 -0.000000 -0.014000 1 2
           21.000000 -0.008519 -0.000000 -0.015000 1 2
           21.100000 -0.008519 -0.000000 -0.008000 1 2
           21.200000 -0.008519 -0.000000 -0.009000 1 2
           21.300000 -0.008519  0.011104 -0.005000 1 2
           21.400000 -0.008519  0.011104 -0.005000 1 2
           21.500000 -0.008519  0.011104  0.001000 1 2
           21.600000 -0.008519  0.011104 -0.008000 1 2
           21.700000 -0.008519  0.011104 -0.008000 1 2
           21.800000 -0.008519  0.011104 -0.003000 1 2
           21.900000 -0.008519  0.011104 -0.006000 1 2
           22.000000 -0.008519  0.011104 -0.001000 1 2
           22.100000 -0.008519  0.011104 -0.002000 1 2
           22.200000  0.000000 -0.000000  0.002000 1 2
           22.300000 -0.008519  0.011104  0.004000 1 2
           22.400000 -0.000000  0.011104  0.001000 1 2
           22.500000 -0.008519  0.011104 -0.001000 1 2
           22.600000 -0.008519  0.011104  0.001000 1 2
           22.700000 -0.008519  0.011104 -0.002000 1 2
           22.800000 -0.008519  0.011104 -0.008000 1 2
           22.900000 -0.008519 -0.000000 -0.012000 1 2
           23.000000  0.000000  0.011104 -0.016000 1 2
           23.100000 -0.008519  0.011104 -0.016000 1 2
           23.200000 -0.008519  0.011104 -0.007000 1 2
           23.300000 -0.008519  0.011104  0.004000 1 2
           23.400000 -0.008519 -0.000000 -0.007000 1 2
           23.500000 -0.008519  0.011104 -0.014000 1 2
           23.600000 -0.008519 -0.000000 -0.015000 1 2
           23.700000 -0.008519  0.011104 -0.008000 1 2
           23.800000 -0.008519  0.011104  0.002000 1 2
           23.900000 -0.008519  0.011104  0.003000 1 2
           24.000000 -0.008519  0.011104  0.007000 1 2
           24.100000 -0.008519  0.011104 -0.003000 1 2
           24.200000 -0.008519  0.000000 -0.000000 1 2
           24.300000 -0.008519 -0.000000 -0.005000 1 2
           24.400000 -0.008519  0.011104 -0.009000 1 2
           24.500000 -0.008519 -0.000000 -0.001000 1 2
           24.600000 -0.017038 -0.000000 -0.007000 1 2
           24.700000 -0.008519 -0.000000 -0.003000 1 2
           24.800000 -0.017038  0.011104 -0.001000 1 2
           24.900000 -0.017038  0.011104 -0.006000 1 2
           25.000000 -0.008519  0.011104 -0.003000 1 2
           25.100000 -0.008519 -0.000000 -0.006000 1 2
           25.200000 -0.008519 -0.000000 -0.017000 1 2
           25.300000 -0.008519 -0.000000 -0.011000 1 2
           25.400000 -0.008519 -0.000000 -0.006000 1 2
           25.500000 -0.008519 -0.000000 -0.004000 1 2
           25.600000 -0.008519 -0.000000  0.003000 1 2
           25.700000 -0.017038  0.011104 -0.000000 1 2
           25.800000 -0.008519  0.011104  0.003000 1 2
           25.900000 -0.017038  0.011104  0.004000 1 2
           26.000000 -0.008519 -0.000000 -0.004000 1 2
           26.100000 -0.008519  0.011104 -0.001000 1 2
           26.200000 -0.017038  0.011104  0.001000 1 2
           26.300000 -0.008519  0.011104 -0.006000 1 2
           26.400000 -0.017038 -0.000000 -0.003000 1 2
           26.500000 -0.008519 -0.000000  0.003000 1 2
           26.600000 -0.008519  0.011104 -0.001000 1 2
           26.700000 -0.008519  0.011104 -0.005000 1 2
           26.800000 -0.008519  0.011104 -0.002000 1 2
           26.900000 -0.008519  0.011104 -0.006000 1 2
           27.000000 -0.008519  0.011104 -0.013000 1 2
           27.100000 -0.008519 -0.000000 -0.009000 1 2
           27.200000 -0.008519 -0.000000  0.002000 1 2
           27.300000 -0.008519  0.011104  0.007000 1 2
           27.400000 -0.008519  0.011104  0.004000 1 2
           27.500000 -0.017038  0.011104  0.001000 1 2
           27.600000 -0.008519  0.011104  0.009000 1 2
           27.700000 -0.017038 -0.000000  0.002000 1 2
           27.800000 -0.008519  0.011104  0.005000 1 2
           27.900000 -0.008519  0.011104  0.008000 1 2
           28.000000 -0.008519  0.011104  0.005000 1 2
           28.100000 -0.008519  0.011104 -0.004000 1 2
           28.200000 -0.008519  0.011104  0.001000 1 2
           28.300000 -0.017038  0.011104  0.006000 1 2
           28.400000 -0.008519 -0.000000  0.009000 1 2
           28.500000 -0.008519 -0.000000 -0.004000 1 2
           28.600000 -0.008519  0.011104 -0.002000 1 2
           28.700000 -0.008519 -0.000000 -0.004000 1 2
           28.800000 -0.008519 -0.000000 -0.008000 1 2
           28.900000 -0.008519 -0.000000 -0.003000 1 2
           29.000000 -0.008519 -0.000000  0.006000 1 2
           29.100000 -0.008519  0.022208  0.015000 1 2
           29.200000 -0.008519  0.011104  0.006000 1 2
           29.300000 -0.008519  0.011104  0.004000 1 2
           29.400000 -0.008519  0.011104  0.005000 1 2
           29.500000 -0.008519  0.011104  0.006000 1 2
           29.600000 -0.008519  0.011104  0.004000 1 2
           29.700000 -0.008519  0.011104  0.003000 1 2
           29.800000 -0.008519  0.011104 -0.000000 1 2
           29.900000 -0.008519  0.011104 -0.001000 1 2
           30.000000 -0.000000  0.011104  0.001000 1 2
           30.100000 -0.008519  0.011104  0.007000 1 2
           30.200000 -0.017038  0.011104  0.002000 1 2
           30.300000 -0.008519  0.011104  0.008000 1 2
           30.400000 -0.008519  0.011104 -0.001000 1 2
           30.500000 -0.008519 -0.000000 -0.001000 1 2
           30.600000 -0.008519  0.011104 -0.002000 1 2
           30.700000 -0.017038  0.022208  0.000000 1 2
           30.800000 -0.008519  0.011104  0.002000 1 2
           30.900000 -0.008519  0.011104  0.003000 1 2
           31.000000 -0.008519  0.011104  0.005000 1 2
           31.100000 -0.008519  0.011104 -0.000000 1 2
           31.200000 -0.008519  0.011104  0.003000 1 2
           31.300000 -0.008519  0.011104  0.003000 1 2
           31.400000 -0.008519  0.011104  0.007000 1 2
           31.500000 -0.008519  0.011104  0.009000 1 2
           31.600000 -0.008519  0.011104  0.009000 1 2
           31.700000 -0.008519  0.011104  0.006000 1 2
           31.800000 -0.008519  0.011104  0.005000 1 2
           31.900000 -0.008519  0.011104  0.002000 1 2
           32.000000 -0.008519  0.011104 -0.000000 1 2
           32.100000 -0.008519  0.011104 -0.007000 1 2
           32.200000 -0.008519  0.011104 -0.004000 1 2
           32.300000 -0.008519  0.011104 -0.009000 1 2
           32.400000 -0.008519  0.011104 -0.008000 1 2
           32.500000 -0.008519  0.011104 -0.007000 1 2
           32.600000 -0.008519  0.011104 -0.005000 1 2
           32.700000  0.000000  0.011104 -0.004000 1 2
           32.800000 -0.008519  0.011104 -0.000000 1 2
           32.900000 -0.008519  0.011104 -0.000000 1 2
           33.000000 -0.008519  0.011104  0.003000 1 2
           33.100000 -0.008519  0.011104 -0.005000 1 2
           33.200000 -0.008519  0.011104 -0.004000 1 2
           33.300000 -0.017038  0.011104 -0.002000 1 2
           33.400000 -0.008519  0.011104  0.001000 1 2
           33.500000 -0.017038  0.011104  0.001000 1 2
           33.600000 -0.008519  0.011104  0.009000 1 2
           33.700000 -0.008519  0.011104  0.004000 1 2
           33.800000 -0.008519  0.011104  0.005000 1 2
           33.900000 -0.017038  0.011104  0.008000 1 2
           34.000000 -0.017038  0.011104  0.008000 1 2
           34.100000 -0.008519  0.011104  0.003000 1 2
           34.200000 -0.008519 -0.000000 -0.001000 1 2
           34.300000 -0.017038  0.011104  0.004000 1 2
           34.400000 -0.017038  0.011104  0.005000 1 2
           34.500000 -0.008519  0.011104  0.007000 1 2
           34.600000 -0.008519  0.011104  0.012000 1 2
           34.700000 -0.008519  0.011104  0.005000 1 2
           34.800000 -0.008519  0.011104  0.004000 1 2
           34.900000 -0.008519  0.011104  0.002000 1 2
           35.000000 -0.008519  0.011104 -0.000000 1 2
           35.100000 -0.017038 -0.000000  0.002000 1 2
           35.200000 -0.008519 -0.000000 -0.003000 1 2
           35.300000 -0.008519 -0.000000 -0.009000 1 2
           35.400000 -0.008519 -0.000000 -0.005000 1 2
           35.500000 -0.008519  0.011104 -0.002000 1 2
           35.600000 -0.008519  0.011104 -0.008000 1 2
           35.700000 -0.008519  0.011104 -0.006000 1 2
           35.800000 -0.008519  0.011104 -0.001000 1 2
           35.900000 -0.017038  0.011104 -0.000000 1 2
           36.000000 -0.008519 -0.000000 -0.002000 1 2
           36.100000 -0.000000 -0.000000 -0.002000 1 2
           36.200000 -0.008519  0.011104  0.002000 1 2
           36.300000 -0.017038  0.011104  0.003000 1 2
           36.400000 -0.008519  0.011104 -0.000000 1 2
           36.500000 -0.008519  0.011104 -0.001000 1 2
           36.600000 -0.008519  0.011104 -0.000000 1 2
           36.700000 -0.008519  0.011104 -0.001000 1 2
           36.800000 -0.017038  0.011104  0.009000 1 2
           36.900000 -0.008519  0.011104  0.005000 1 2
           37.000000 -0.008519  0.011104  0.005000 1 2
           37.100000 -0.008519  0.011104  0.001000 1 2
           37.200000 -0.008519  0.011104 -0.000000 1 2
           37.300000 -0.008519  0.011104  0.002000 1 2
           37.400000 -0.017038  0.011104 -0.001000 1 2
           37.500000 -0.008519 -0.000000  0.007000 1 2
           37.600000 -0.008519  0.011104  0.004000 1 2
           37.700000 -0.008519  0.011104  0.005000 1 2
           37.800000 -0.017038  0.011104 -0.000000 1 2
           37.900000 -0.008519  0.022208 -0.006000 1 2
           38.000000 -0.008519  0.011104 -0.001000 1 2
           38.100000 -0.017038  0.011104  0.004000 1 2
           38.200000 -0.017038  0.011104  0.003000 1 2
           38.300000 -0.017038  0.011104  0.001000 1 2
           38.400000 -0.017038  0.011104  0.002000 1 2
           38.500000 -0.008519  0.011104  0.004000 1 2
           38.600000 -0.008519  0.011104  0.008000 1 2
           38.700000 -0.017038  0.011104  0.012000 1 2
           38.800000 -0.017038  0.011104  0.008000 1 2
           38.900000 -0.008519  0.022208 -0.004000 1 2
           39.000000 -0.008519  0.011104 -0.005000 1 2
           39.100000 -0.008519 -0.000000  0.001000 1 2
           39.200000 -0.008519  0.011104  0.004000 1 2
           39.300000 -0.008519  0.011104  0.003000 1 2
           39.400000 -0.008519  0.011104  0.001000 1 2
           39.500000 -0.008519  0.011104  0.001000 1 2
           39.600000 -0.008519  0.011104 -0.000000 1 2
           39.700000 -0.008519  0.011104 -0.007000 1 2
           39.800000 -0.000000  0.011104  0.002000 1 2
           39.900000 -0.008519  0.011104  0.001000 1 2
           40.000000 -0.017038  0.011104 -0.005000 1 2
           40.100000 -0.008519  0.011104 -0.001000 1 2
           40.200000 -0.008519  0.011104 -0.005000 1 2
           40.300000 -0.017038  0.011104 -0.003000 1 2
           40.400000 -0.008519  0.011104 -0.002000 1 2
           40.500000 -0.008519  0.011104  0.001000 1 2
           40.600000 -0.008519  0.011104 -0.004000 1 2
           40.700000 -0.017038  0.011104 -0.015000 1 2
           40.800000 -0.008519  0.011104 -0.007000 1 2
           40.900000 -0.008519  0.011104  0.005000 1 2
           41.000000 -0.008519  0.011104  0.007000 1 2
           41.100000 -0.008519  0.011104 -0.004000 1 2
           41.200000 -0.008519  0.011104 -0.008000 1 2
           41.300000 -0.008519  0.011104  0.003000 1 2
           41.400000 -0.000000  0.011104  0.002000 1 2
           41.500000 0.000000 0.011104 0.012000 1 2
           41.600000 -0.008519  0.011104  0.008000 1 2
           41.700000 -0.017038  0.011104  0.002000 1 2
           41.800000 -0.008519  0.011104  0.003000 1 2
           41.900000 -0.008519  0.011104  0.003000 1 2
           42.000000 -0.008519  0.022208  0.005000 1 2
           42.100000 -0.008519  0.011104 -0.000000 1 2
           42.200000 -0.008519  0.011104  0.001000 1 2
           42.300000 -0.008519  0.011104  0.005000 1 2
           42.400000 -0.008519  0.011104 -0.000000 1 2
           42.500000 -0.008519  0.011104 -0.002000 1 2
           42.600000 -0.008519  0.011104 -0.006000 1 2
           42.700000 -0.017038  0.011104 -0.006000 1 2
           42.800000 -0.008519  0.011104 -0.002000 1 2
           42.900000 -0.008519  0.011104 -0.003000 1 2
           43.000000 -0.008519  0.011104 -0.011000 1 2
           43.100000 -0.008519  0.011104 -0.006000 1 2
           43.200000 -0.008519  0.011104 -0.008000 1 2
           43.300000 -0.008519  0.011104 -0.009000 1 2
           43.400000 -0.008519 -0.000000 -0.010000 1 2
           43.500000 -0.008519  0.011104  0.001000 1 2
           43.600000 -0.008519  0.011104  0.003000 1 2
           43.700000 -0.008519  0.011104  0.005000 1 2
           43.800000 -0.008519  0.011104  0.002000 1 2
           43.900000 -0.008519  0.011104  0.004000 1 2
           44.000000 -0.008519  0.011104 -0.000000 1 2
           44.100000 0.000000 0.011104 0.004000 1 2
           44.200000 -0.008519  0.011104  0.004000 1 2
           44.300000 -0.008519  0.011104 -0.000000 1 2
           44.400000 -0.008519  0.011104  0.008000 1 2
           44.500000 -0.008519  0.011104  0.018000 1 2
           44.600000 -0.008519  0.022208  0.016000 1 2
           44.700000 -0.008519  0.011104  0.002000 1 2
           44.800000 -0.008519 -0.000000 -0.012000 1 2
           44.900000 -0.008519  0.011104 -0.015000 1 2
           45.000000 -0.008519  0.011104 -0.016000 1 2
           45.100000 -0.017038  0.011104 -0.009000 1 2
           45.200000 -0.008519  0.011104 -0.004000 1 2
           45.300000 -0.008519  0.011104 -0.009000 1 2
           45.400000 -0.008519  0.011104 -0.009000 1 2
           45.500000 -0.017038  0.011104 -0.000000 1 2
           45.600000 -0.008519  0.011104 -0.003000 1 2
           45.700000 -0.008519  0.011104 -0.009000 1 2
           45.800000 -0.008519  0.011104 -0.007000 1 2
           45.900000 -0.008519  0.011104  0.001000 1 2
           46.000000 -0.000000  0.011104  0.006000 1 2
           46.100000 -0.000000  0.011104  0.001000 1 2
           46.200000 -0.008519  0.011104 -0.004000 1 2
           46.301000 -0.017038  0.011104 -0.002000 1 2
           46.401000 -0.008519  0.011104 -0.005000 1 2
           46.501000 -0.008519  0.011104  0.004000 1 2
           46.601000 -0.008519  0.011104  0.001000 1 2
           46.701000 -0.017038  0.011104  0.007000 1 2
           46.801000 -0.008519  0.011104  0.005000 1 2
           46.901000 -0.008519  0.011104  0.010000 1 2
           47.001000 -0.008519  0.011104  0.010000 1 2
           47.101000 -0.008519  0.011104  0.001000 1 2
           47.200000 -0.008519  0.011104  0.003000 1 2
           47.300000 -0.008519  0.011104 -0.001000 1 2
           47.400000 -0.017038  0.011104 -0.002000 1 2
           47.500000 -0.008519  0.011104  0.001000 1 2
           47.600000 -0.008519 -0.000000 -0.002000 1 2
           47.700000 -0.008519  0.011104 -0.007000 1 2
           47.800000 -0.008519  0.011104 -0.010000 1 2
           47.900000 -0.008519  0.011104 -0.002000 1 2
           48.000000 -0.008519  0.011104  0.001000 1 2
           48.100000 -0.008519  0.011104 -0.007000 1 2
           48.200000 -0.008519  0.011104 -0.002000 1 2
           48.300000 -0.008519 -0.000000 -0.003000 1 2
           48.400000 -0.008519  0.011104  0.002000 1 2
           48.500000 -0.008519  0.011104 -0.010000 1 2
           48.600000 -0.008519 -0.000000  0.001000 1 2
           48.700000 -0.008519  0.011104 -0.000000 1 2
           48.800000 -0.008519  0.011104 -0.000000 1 2
           48.900000 -0.008519  0.011104 -0.003000 1 2
           49.000000 -0.008519  0.011104 -0.007000 1 2
           49.100000 -0.008519  0.011104 -0.004000 1 2
           49.200000 -0.008519  0.011104 -0.004000 1 2
           49.300000 -0.008519  0.011104  0.003000 1 2
           49.400000 -0.008519 -0.000000 -0.002000 1 2
           49.500000 -0.017038  0.011104 -0.006000 1 2
           49.600000 -0.008519  0.011104  0.002000 1 2
           49.700000  0.000000 -0.000000  0.008000 1 2
           49.800000 -0.008519  0.011104  0.008000 1 2
           49.900000 -0.008519  0.011104  0.005000 1 2
           50.000000 -0.008519 -0.000000  0.003000 1 2
           50.100000 -0.008519  0.011104  0.009000 1 2
           50.200000 -0.008519  0.011104  0.003000 1 2
           50.300000 -0.008519  0.011104  0.010000 1 2
           50.400000 -0.008519  0.011104  0.015000 1 2
           50.500000 -0.008519  0.011104  0.008000 1 2
           50.600000 -0.008519  0.011104  0.005000 1 2
           50.700000 -0.008519 -0.000000  0.007000 1 2
           50.800000 -0.008519  0.011104  0.007000 1 2
           50.900000 -0.008519 -0.000000 -0.001000 1 2
           51.000000 -0.017038  0.011104 -0.009000 1 2
           51.100000 -0.008519  0.011104 -0.010000 1 2
           51.200000 -0.008519  0.011104 -0.009000 1 2
           51.300000 -0.008519  0.011104 -0.007000 1 2
           51.400000 -0.017038 -0.000000  0.003000 1 2
           51.500000 -0.008519 -0.000000  0.003000 1 2
           51.600000  0.000000  0.011104 -0.007000 1 2
           51.700000 -0.017038  0.011104 -0.014000 1 2
           51.800000 -0.008519  0.011104 -0.010000 1 2
           51.900000 -0.008519 -0.000000 -0.001000 1 2
           52.000000 -0.017038 -0.000000 -0.004000 1 2
           52.100000 -0.008519 -0.000000 -0.013000 1 2
           52.200000 -0.008519  0.011104 -0.013000 1 2
           52.300000 -0.017038 -0.000000 -0.006000 1 2
           52.400000 -0.017038 -0.000000 -0.006000 1 2
           52.500000 -0.008519  0.011104 -0.011000 1 2
           52.600000 -0.008519  0.011104 -0.015000 1 2
           52.700000 -0.008519 -0.000000 -0.010000 1 2
           52.800000 -0.017038  0.011104 -0.002000 1 2
           52.900000 -0.017038  0.011104 -0.006000 1 2
           53.000000 -0.008519 -0.000000 -0.011000 1 2
           53.100000 -0.008519  0.011104 -0.008000 1 2
           53.200000 -0.008519  0.011104 -0.008000 1 2
           53.300000 -0.017038  0.011104 -0.012000 1 2
           53.400000 -0.017038  0.011104 -0.015000 1 2
           53.500000 -0.008519 -0.000000 -0.007000 1 2
           53.600000 -0.017038 -0.000000 -0.003000 1 2
           53.700000 -0.008519  0.011104  0.010000 1 2
           53.800000 -0.017038 -0.000000  0.007000 1 2
           53.900000 -0.008519  0.011104  0.004000 1 2
           54.000000 -0.008519  0.011104  0.005000 1 2
           54.100000 -0.017038 -0.000000 -0.000000 1 2
           54.200000 -0.017038 -0.000000 -0.010000 1 2
           54.300000 -0.017038 -0.000000 -0.009000 1 2
           54.400000 -0.008519  0.011104 -0.006000 1 2
           54.500000 -0.008519 -0.000000 -0.007000 1 2
           54.600000 -0.008519 -0.000000 -0.010000 1 2
           54.700000 -0.008519 -0.000000 -0.010000 1 2
           54.800000 -0.008519  0.011104 -0.007000 1 2
           54.900000 -0.017038 -0.000000 -0.014000 1 2
           55.000000 -0.017038 -0.000000 -0.016000 1 2
           55.100000 -0.008519  0.011104 -0.010000 1 2
           55.200000 -0.008519 -0.000000 -0.008000 1 2
           55.300000 -0.008519  0.011104 -0.006000 1 2
           55.400000 -0.008519 -0.000000 -0.001000 1 2
           55.500000 -0.008519 -0.000000 -0.011000 1 2
           55.600000 -0.008519 -0.000000 -0.018000 1 2
           55.700000 -0.000000 -0.000000 -0.014000 1 2
           55.800000 -0.017038  0.011104 -0.010000 1 2
           55.900000 -0.017038  0.011104 -0.003000 1 2
           56.000000 -0.008519 -0.000000 -0.010000 1 2
           56.100000 -0.008519 -0.000000 -0.005000 1 2
           56.200000 -0.008519  0.011104 -0.006000 1 2
           56.300000 -0.008519  0.011104 -0.001000 1 2
           56.400000 -0.008519  0.011104 -0.005000 1 2
           56.500000  0.000000  0.011104 -0.021000 1 2
           56.600000 -0.008519  0.011104 -0.020000 1 2
           56.700000 -0.008519  0.011104 -0.013000 1 2
           56.800000 -0.008519  0.011104 -0.010000 1 2
           56.900000 -0.017038 -0.000000 -0.007000 1 2
           57.000000  0.000000  0.011104 -0.013000 1 2
           57.100000  0.000000 -0.000000 -0.006000 1 2
           57.200000 -0.008519  0.011104 -0.001000 1 2
           57.300000 -0.017038  0.011104 -0.001000 1 2
           57.400000 -0.008519  0.011104 -0.005000 1 2
           57.500000 -0.008519  0.011104  0.001000 1 2
           57.600000 -0.017038  0.011104  0.006000 1 2
           57.700000 -0.008519  0.011104  0.005000 1 2
           57.800000 -0.017038  0.022208 -0.003000 1 2
           57.900000 -0.017038  0.011104 -0.008000 1 2
           58.000000 -0.008519  0.011104  0.003000 1 2
           58.100000 -0.008519  0.011104  0.002000 1 2
           58.200000 -0.008519  0.011104 -0.000000 1 2
           58.300000 -0.008519  0.011104 -0.000000 1 2
           58.400000 -0.008519  0.011104  0.006000 1 2
           58.500000 -0.017038  0.011104  0.008000 1 2
           58.600000 -0.008519  0.011104  0.004000 1 2
           58.700000 -0.008519  0.011104  0.001000 1 2
           58.800000 -0.017038  0.011104 -0.010000 1 2
           58.900000 -0.008519 -0.000000 -0.013000 1 2
           59.000000 -0.008519  0.011104 -0.008000 1 2
           59.100000 -0.017038  0.011104 -0.007000 1 2
           59.200000 -0.008519  0.011104  0.001000 1 2
           59.300000 -0.008519  0.011104  0.009000 1 2
           59.400000 -0.008519  0.011104  0.005000 1 2
           59.500000 -0.008519  0.011104  0.006000 1 2
           59.600000 0.000000 0.011104 0.004000 1 2
           59.700000 -0.008519  0.011104  0.006000 1 2
           59.800000 -0.008519 -0.000000 -0.004000 1 2
           59.900000 -0.008519 -0.000000 -0.002000 1 2
           60.000000 -0.008519  0.011104 -0.006000 1 2
           60.100000 -0.008519  0.011104 -0.003000 1 2
           60.200000 -0.008519 -0.000000 -0.005000 1 2
           60.300000 -0.008519 -0.000000 -0.005000 1 2
           60.400000 -0.008519 -0.000000 -0.007000 1 2
           60.500000 -0.008519  0.011104 -0.007000 1 2
           60.600000 -0.000000 -0.000000 -0.002000 1 2
           60.700000 -0.008519  0.011104  0.001000 1 2
           60.800000 -0.008519  0.011104  0.001000 1 2
           60.900000 -0.017038  0.011104  0.002000 1 2
           61.000000 -0.008519  0.011104  0.002000 1 2
           61.100000 -0.008519  0.011104  0.004000 1 2
           61.200000  0.000000  0.011104 -0.007000 1 2
           61.300000 -0.008519  0.011104 -0.014000 1 2
           61.400000 -0.008519  0.011104 -0.005000 1 2
           61.500000 -0.017038  0.011104 -0.004000 1 2
           61.600000 -0.017038  0.011104 -0.012000 1 2
           61.700000 -0.008519  0.011104 -0.005000 1 2
           61.800000 -0.008519  0.011104  0.005000 1 2
           61.900000 -0.025557 -0.000000 -0.006000 1 2
           62.000000  0.008519 -0.011104 -0.006000 1 2
           62.100000 -0.017038  0.011104 -0.011000 1 1
           62.200000 -0.042596  0.022208 -0.013000 1 0
           62.300000 -0.093710  0.055519 -0.016000 1 0
           62.400000 -0.136306  0.099935 -0.017000 1 0
           62.500000 -0.187421  0.155454 -0.017000 1 0
           62.600000 -0.238535  0.244285 -0.018000 1 0
           62.700000 -0.289650  0.299804 -0.015000 1 0
           62.800000 -0.340765  0.333115 -0.005000 1 0
           62.900000 -0.264093  0.310908  0.021000 1 0
           63.000000 -0.238535  0.310908  0.039000 1 0
           63.100000 -0.230016  0.244285  0.051000 1 0
           63.200000 -0.289650  0.188765  0.079000 1 0
           63.300000 -0.340765  0.155454  0.098000 1 0
           63.400000 -0.400398  0.177662  0.140000 1 0
           63.500000 -0.494109  0.133246  0.168000 1 0
           63.600000 -0.519666  0.188765  0.201000 1 0
           63.700000 -0.460032  0.133246  0.291000 1 0
           63.800000 -0.323726  0.055519  0.407000 1 0
           63.900000 -0.264093 -0.011104  0.530000 1 0
           64.000000 -0.221497 -0.044415  0.635000 1 0
           64.100000 -0.212978 -0.044415  0.762000 1 0
           64.200000 -0.255573  0.011104  0.893000 1 0
           64.300000 -0.391879  0.044415  1.044000 1 0
           64.400000 -0.391879  0.022208  1.114000 1 0
           64.500000 -0.306688  0.055519  1.291000 1 0
           64.600000 -0.340765  0.055519  1.459000 1 0
           64.700000 -0.391879  0.022208  1.602000 1 0
           64.800000 -0.383360  0.000000  1.859000 1 0
           64.900000 -0.366322 -0.022208  2.105000 1 0
           65.000000 -0.349284 -0.011104  2.338000 1 0
           65.100000 -0.340765 -0.033312  2.545000 1 0
           65.200000 -0.349284 -0.033312  2.760000 1 0
           65.300000 -0.340765 -0.044415  2.986000 1 0
           65.400000 -0.332246 -0.044415  3.213000 1 0
           65.500000 -0.340765 -0.044415  3.406000 1 0
           65.600000 -0.340765 -0.044415  3.653000 1 0
           65.700000 -0.323727 -0.066623  3.908000 1 0
           65.800000 -0.315207 -0.077727  4.177000 1 0
           65.900000 -0.315207 -0.111039  4.423000 1 0
           66.000000 -0.340765 -0.133246  4.528000 1 0
           66.100000 -0.340765 -0.166558  4.670000 1 0
           66.200000 -0.332246 -0.166558  4.863000 1 1
           66.300000 -0.340765 -0.144350  4.968000 1 1
           66.400000 -0.340765 -0.188766  5.152000 1 0
           66.500000 -0.315208 -0.199869  5.361000 1 0
           66.600000 -0.323727 -0.199869  5.555000 1 0
           66.700000 -0.315208 -0.188766  5.762000 1 0
           66.800000 -0.332246 -0.188766  6.005000 1 0
           66.900000 -0.315208 -0.177662  6.176000 1 0
           67.000000 -0.340765 -0.166558  6.321000 1 0
           67.100000 -0.315208 -0.188766  6.482000 1 0
           67.200000 -0.315208 -0.166558  6.645000 1 1
           67.300000 -0.332246 -0.177662  6.723000 1 0
           67.400000 -0.306688 -0.199869  6.932000 1 0
           67.500000 -0.289650 -0.222077  7.110000 1 0
           67.600000 -0.315208 -0.222077  7.268000 1 0
           67.700000 -0.306689 -0.199870  7.469000 1 0
           67.800000 -0.306689 -0.188766  7.692000 1 0
           67.900000 -0.306689 -0.199870  7.884000 1 0
           68.000000 -0.323727 -0.222077  8.132000 1 0
           68.100000 -0.323727 -0.222077  8.383000 1 0
           68.200000 -0.340765 -0.210973  8.586000 1 1
           68.300000 -0.340765 -0.233181  8.761000 1 1
           68.400000 -0.349284 -0.244285  8.961000 1 1
           68.500000 -0.349284 -0.266493  9.170000 1 1
           68.600000 -0.349284 -0.255389  9.371000 1 1
           68.700000 -0.349284 -0.255389  9.568000 1 1
           68.800000 -0.357803 -0.266493  9.761000 1 1
           68.900000 -0.340765 -0.244285  9.899000 1 1
           69.000000 -0.349284 -0.255389 10.036000 1 1
           69.100000 -0.349284 -0.310908 10.128000 1 1
           69.200000 -0.349284 -0.355324 10.187000 1 1
           69.300000 -0.340765 -0.410843 10.279000 1 1
           69.400000 -0.332246 -0.477466 10.339000 1 1
           69.500000 -0.306689 -0.577401 10.388000 1 1
           69.600000 -0.289650 -0.688440 10.519000 1 1
           69.700000 -0.298170 -0.810582 10.642000 1 0
           69.800000 -0.298170 -0.966036 10.734000 1 0
           69.900000 -0.272612 -1.188114 10.812000 1 0
           70.000000 -0.230017 -1.410191 10.900000 1 0
           70.100000 -0.153344 -1.665580 10.938000 1 0
           70.200000 -0.093710 -1.954281 10.965000 1 0
           70.300000 -0.034077 -2.254085 10.985000 1 0
           70.400000  0.025557 -2.587201 11.004999 1 0
           70.500000  0.110749 -2.898110 11.035999 1 0
           70.600000  0.187421 -3.242329 11.043999 1 0
           70.700000  0.255574 -3.619861 11.045999 1 0
           70.800000  0.323727 -3.997393 11.027999 1 0
           70.900000  0.383361 -4.386028 11.046998 1 0
           71.000000  0.460033 -4.763559 11.046998 1 0
           71.100000  0.528186 -5.141091 11.110998 1 0
           71.200000  0.596340 -5.540830 11.134998 1 1
           71.300000  0.681531 -5.929466 11.123997 1 1
           71.400000  0.766722 -6.329205 11.161997 1 1
           71.500000  0.851914 -6.728944 11.150996 1 1
           71.600000  0.928586 -7.117579 11.129996 1 1
           71.700000  0.996739 -7.495111 11.113996 1 1
           71.800000  1.064892 -7.850435 11.126995 1 0
           71.900000  1.124526 -8.205759 11.193995 1 0
           72.000000  1.184160 -8.527771 11.246994 1 0
           72.100000  1.226756 -8.783160 11.269994 1 0
           72.200000  1.260833 -9.071860 11.301993 1 1
           72.300000  1.277871 -9.249522 11.319993 1 1
           72.400000  1.303429 -9.393873 11.312993 1 1
           72.500000  1.328986 -9.493807 11.303993 1 1
           72.600000  1.346024 -9.660366 11.317993 1 1
           72.700000  1.363063 -9.771404 11.370992 1 1
           72.800000  1.397139 -9.860235 11.333992 1 1
           72.900000  1.414177 -9.971274 11.314992 1 1
           73.000000   1.431216 -10.093416  11.320992 1 1
           73.100000   1.439735 -10.226663  11.320992 1 1
           73.200000   1.465292 -10.359909  11.350991 1 1
           73.300000   1.524926 -10.415429  11.347991 1 1
           73.400000   1.576041 -10.504260  11.356991 1 1
           73.500000   1.610118 -10.637506  11.344991 1 1
           73.600000   1.661233 -10.792960  11.357991 1 1
           73.700000   1.695309 -10.948414  11.361990 1 1
           73.800000   1.737905 -11.126076  11.349990 1 1
           73.900000   1.780501 -11.325946  11.353990 1 1
           74.000000   1.806058 -11.548023  11.362989 1 1
           74.100000   1.840135 -11.736789  11.372989 1 1
           74.200000   1.857173 -11.858931  11.324989 1 1
           74.300000   1.882731 -12.025489  11.306988 1 1
           74.400000   1.916807 -12.214255  11.334988 1 1
           74.500000   1.933846 -12.358605  11.336988 1 1
           74.600000   1.950884 -12.447436  11.332988 1 1
           74.700000   1.959403 -12.525163  11.300987 1 1
           74.800000   1.967922 -12.602891  11.307987 1 1
           74.900000   1.984961 -12.658410  11.320987 1 1
           75.000000   1.993480 -12.713929  11.314987 1 1
           75.100000   2.001999 -12.758345  11.281987 1 1
           75.200000   2.010518 -12.813864  11.282987 1 1
           75.300000   2.019037 -12.836072  11.273987 1 1
           75.400000   2.019037 -12.869383  11.293987 1 1
           75.500000   2.027556 -12.880487  11.301987 1 1
           75.600000   2.036076 -12.891591  11.304987 1 1
           75.700000   2.044595 -12.913799  11.302987 1 1
           75.800000   2.053114 -12.924903  11.297987 1 1
           75.900000   2.061633 -12.936007  11.312987 1 1
           76.000000   2.070152 -12.947110  11.304986 1 1
           76.100000   2.070152 -12.936007  11.308987 1 1
           76.200000   2.078671 -12.958214  11.314986 1 1
           76.300000   2.087190 -12.958214  11.309986 1 1
           76.400000   2.087190 -12.958214  11.307986 1 1
           76.500000   2.095710 -12.958214  11.314986 1 1
           76.600000   2.095710 -12.969318  11.309986 1 1
           76.700000   2.095710 -12.969318  11.309986 1 1
           76.800000   2.104229 -12.958214  11.318986 1 1
           76.900000   2.104229 -12.969318  11.316986 1 1
           77.000000   2.121267 -12.958214  11.307986 1 1
           77.100000   2.121267 -12.958214  11.309986 1 1
           77.200000   2.121267 -12.958214  11.312986 1 1
           77.300000   2.121267 -12.969318  11.317986 1 1
           77.400000   2.121267 -12.969318  11.312986 1 1
           77.500000   2.129786 -12.969318  11.309986 1 1
           77.600000   2.129786 -12.969318  11.309986 1 1
           77.700000   2.121267 -12.980422  11.318986 1 1
           77.800000   2.129786 -12.980422  11.304986 1 1
           77.900000   2.138305 -12.980422  11.312986 1 1
           78.000000   2.129786 -12.991526  11.313986 1 1
           78.100000   2.129786 -12.991526  11.310986 1 1
           78.200000   2.129786 -12.991526  11.315986 1 1
           78.300000   2.138305 -13.002630  11.321986 1 1
           78.400000   2.146824 -13.002630  11.293986 1 1
           78.500000   2.138305 -13.002630  11.299986 1 1
           78.600000   2.138305 -13.024837  11.310986 1 1
           78.700000   2.146824 -13.024837  11.313986 1 1
           78.800000   2.155344 -13.035941  11.310986 1 1
           78.900000   2.146824 -13.047045  11.298986 1 1
           79.000000   2.146824 -13.047045  11.300986 1 1
           79.100000   2.155344 -13.058149  11.302986 1 1
           79.200000   2.163863 -13.058149  11.297986 1 1
           79.300000   2.172382 -13.058149  11.292986 1 1
           79.400000   2.163863 -13.080357  11.289986 1 1
           79.500000   2.163863 -13.080357  11.303986 1 1
           79.600000   2.163863 -13.069253  11.288986 1 1
           79.700000   2.180901 -13.069253  11.275986 1 1
           79.800000   2.180901 -13.091461  11.285986 1 1
           79.900000   2.172382 -13.091461  11.295986 1 1
           80.000000   2.180901 -13.091461  11.282986 1 1
           80.100000   2.180901 -13.091461  11.278986 1 1
           80.200000   2.189420 -13.091461  11.291986 1 1
           80.300000   2.504629 -12.625101  12.973987 1 2
           80.400000   2.496110 -12.625101  12.962987 1 2
           80.500000   2.496110 -12.636205  12.962987 1 2
           80.600000   2.504629 -12.636205  12.961987 1 2
           80.700000   2.504629 -12.625101  12.957987 1 2
           80.800000   2.513148 -12.625101  12.962987 1 2
           80.900000   2.504629 -12.625101  12.955987 1 2
           81.000000   2.504629 -12.636205  12.965987 1 2
           81.100000   2.513148 -12.625101  12.972987 1 2
           81.200000   2.504629 -12.636205  12.968987 1 2
           81.300000   2.513148 -12.636205  12.963987 1 2
           81.400000   2.504629 -12.625101  12.944987 1 2
           81.500000   2.496110 -12.625101  12.948987 1 2
           81.600000   2.504629 -12.613997  12.959987 1 2
           81.700000   2.504629 -12.625101  12.958987 1 2
           81.800000   2.513148 -12.613997  12.951987 1 2
           81.900000   2.504629 -12.613997  12.962987 1 2
           82.000000   2.504629 -12.613997  12.957987 1 2
           82.100000   2.504629 -12.613997  12.955987 1 2
           82.200000   2.504629 -12.613998  12.965987 1 2
           82.300000   2.504629 -12.602894  12.950987 1 2
           82.400000   2.496110 -12.602894  12.953987 1 2
           82.500000   2.504629 -12.602894  12.953987 1 2
           82.600000   2.504629 -12.602894  12.958987 1 2
           82.700000   2.504629 -12.602894  12.951987 1 2
           82.800000   2.504629 -12.602894  12.950987 1 2
           82.900000   2.504629 -12.591790  12.945987 1 2
           83.000000   2.504629 -12.602894  12.944987 1 2
           83.100000   2.504629 -12.591790  12.948987 1 2
           83.200000   2.504629 -12.591790  12.945987 1 2
           83.300000   2.504629 -12.591790  12.941987 1 2
           83.400000   2.504629 -12.591790  12.945987 1 2
           83.500000   2.504629 -12.591790  12.941987 1 2
           83.600000   2.513148 -12.580686  12.925987 1 2
           83.700000   2.504629 -12.591790  12.925987 1 2
           83.800000   2.504629 -12.591790  12.935987 1 2
           83.900000   2.504629 -12.580686  12.948987 1 2
           84.000000   2.504629 -12.580686  12.951987 1 2
           84.100000   2.496110 -12.591790  12.944987 1 2
           84.200000   2.496110 -12.580686  12.938987 1 2
           84.300000   2.496110 -12.580686  12.932987 1 2
           84.400000   2.496110 -12.580686  12.944987 1 2
           84.500000   2.496110 -12.580686  12.957987 1 2
           84.600000   2.496110 -12.580686  12.944987 1 2
           84.700000   2.487591 -12.580686  12.940987 1 2
           84.800000   2.496110 -12.569582  12.949987 1 2
           84.900000   2.504629 -12.569582  12.956987 1 2
           85.000000   2.496110 -12.569582  12.946987 1 2
           85.100000   2.496110 -12.569582  12.905987 1 2
           85.200000   2.496110 -12.569582  12.873987 1 2
           85.300000   2.479072 -12.569582  12.812987 1 2
           85.400000   2.496110 -12.558478  12.751987 1 2
           85.500000   2.496110 -12.558478  12.681987 1 2
           85.600000   2.487591 -12.569581  12.599987 1 2
           85.700000   2.487591 -12.558477  12.494987 1 2
           85.800000   2.479071 -12.558477  12.403987 1 2
           85.900000   2.479071 -12.547373  12.301987 1 2
           86.000000   2.479071 -12.547373  12.206987 1 2
           86.100000   2.487590 -12.547373  12.114987 1 2
           86.200000   2.487590 -12.558476  12.023987 1 2
           86.300000   2.487590 -12.547372  11.923987 1 2
           86.400000   2.487590 -12.547372  11.819987 1 2
           86.500000   2.479071 -12.547372  11.719987 1 2
           86.600000   2.479071 -12.536268  11.635987 1 2
           86.700000   2.479071 -12.536268  11.563987 1 2
           86.800000   2.487590 -12.536267  11.470987 1 2
           86.900000   2.496109 -12.525163  11.386987 1 2
           87.000000   2.479071 -12.536267  11.325987 1 2
           87.100000   2.470552 -12.591786  11.290987 1 2
           87.200000   2.487590 -12.580683  11.278987 1 2
           87.300000   2.479071 -12.547371  11.264987 1 2
           87.400000   2.487590 -12.547371  11.258987 1 2
           87.500000   2.487590 -12.558475  11.265987 1 2
           87.600000   2.496109 -12.558475  11.283987 1 2
           87.700000   2.487590 -12.547371  11.301987 1 2
           87.800000   2.487590 -12.558475  11.304987 1 2
           87.900000   2.496109 -12.547371  11.317987 1 2
           88.000000   2.487590 -12.547371  11.328987 1 2
           88.100000   2.487590 -12.547371  11.338987 1 2
           88.200000   2.496109 -12.547371  11.343987 1 2
           88.300000   2.496109 -12.547371  11.357987 1 2
           88.400000   2.487590 -12.536267  11.353987 1 2
           88.500000   2.487590 -12.536267  11.351987 1 2
           88.600000   2.487590 -12.536267  11.357987 1 2
           88.700000   2.496109 -12.536267  11.361987 1 2
           88.800000   2.487590 -12.547371  11.361987 1 2
           88.900000   2.496109 -12.547371  11.359987 1 2
           89.000000   2.487590 -12.547371  11.365987 1 2
           89.100000   2.487590 -12.536267  11.365987 1 2
           89.200000   2.487590 -12.536267  11.346987 1 2
           89.300000   2.487590 -12.547371  11.349987 1 2
           89.400000   2.487590 -12.547371  11.355987 1 2
           89.500000   2.487590 -12.547371  11.358987 1 2
           89.600000   2.496109 -12.547371  11.351987 1 2
           89.700000   2.496109 -12.547371  11.339987 1 2
           89.800000   2.487590 -12.547371  11.352987 1 2
           89.900000   2.496109 -12.547371  11.352987 1 2
           90.000000   2.487590 -12.558475  11.355987 1 2
           90.100000   2.487590 -12.558475  11.367987 1 2
           90.200000   2.496109 -12.547371  11.356987 1 2
           90.300000   2.496109 -12.558475  11.353987 1 2
           90.400000   2.487590 -12.558475  11.350987 1 2
           90.500000   2.496109 -12.569579  11.355987 1 2
           90.600000   2.487590 -12.558475  11.350987 1 2
           90.700000   2.496109 -12.558475  11.347987 1 2
           90.800000   2.496109 -12.558475  11.338987 1 2
           90.900000   2.487590 -12.558475  11.336987 1 2
           91.000000   2.487590 -12.558475  11.346987 1 2
           91.100000   2.487590 -12.558475  11.352987 1 2
           91.200000   2.487590 -12.558475  11.348987 1 2
           91.300000   2.487590 -12.558475  11.347987 1 2
           91.400000   2.487590 -12.558475  11.353987 1 2
           91.500000   2.479071 -12.547371  11.349987 1 2
           91.600000   2.479071 -12.558475  11.345987 1 2
           91.700000   2.487590 -12.558475  11.341987 1 2
           91.800000   2.479071 -12.547371  11.334987 1 2
           91.900000   2.470552 -12.547371  11.342987 1 2
           92.000000   2.479071 -12.547371  11.342987 1 2
           92.100000   2.479071 -12.547371  11.334987 1 2
           92.200000   2.479071 -12.547371  11.335987 1 2
           92.300000   2.470552 -12.558475  11.335987 1 2
           92.400000   2.470552 -12.569579  11.327987 1 2
           92.500000   2.462033 -12.569579  11.320987 1 2
           92.600000   2.462033 -12.569579  11.313987 1 2
           92.700000   2.462033 -12.580683  11.310987 1 2
           92.800000   2.462033 -12.580683  11.318987 1 2
           92.900000   2.470552 -12.580683  11.318987 1 2
           93.000000   2.470552 -12.580683  11.328987 1 2
           93.100000   2.462033 -12.580683  11.331987 1 2
           93.200000   2.453514 -12.580683  11.320987 1 2
           93.300000   2.462033 -12.580683  11.315987 1 2
           93.400000   2.462033 -12.580683  11.307987 1 2
           93.500000   2.462033 -12.580683  11.307987 1 2
           93.600000   2.453514 -12.580683  11.303987 1 2
           93.700000   2.453514 -12.591786  11.308987 1 2
           93.800000   2.453514 -12.569579  11.311987 1 2
           93.900000   2.453514 -12.580683  11.312987 1 2
           94.000000   2.462033 -12.580683  11.311987 1 2
           94.100000   2.462033 -12.580683  11.309987 1 2
           94.200000   2.453514 -12.580683  11.308987 1 2
           94.300000   2.453514 -12.580683  11.307987 1 2
           94.400000   2.453514 -12.580683  11.303987 1 2
           94.500000   2.462033 -12.569579  11.310987 1 2
           94.600000   2.462033 -12.580683  11.319987 1 2
           94.700000   2.453514 -12.558475  11.325987 1 2
           94.800000   2.453514 -12.569579  11.320987 1 2
           94.900000   2.453514 -12.569579  11.319987 1 2
           95.000000   2.462033 -12.558475  11.324987 1 2
           95.100000   2.462033 -12.558475  11.327987 1 2
           95.200000   2.462033 -12.558475  11.311987 1 2
           95.300000   2.462033 -12.558475  11.319987 1 2
           95.400000   2.462033 -12.558475  11.330987 1 2
           95.500000   2.462033 -12.547371  11.317987 1 2
           95.600000   2.462033 -12.547371  11.305987 1 2
           95.700000   2.470552 -12.547371  11.313987 1 2
           95.800000   2.462033 -12.547371  11.326987 1 2
           95.900000   2.462033 -12.547371  11.336987 1 2
           96.000000   2.462033 -12.536267  11.334987 1 2
           96.100000   2.470552 -12.536267  11.328987 1 2
           96.200000   2.470552 -12.547371  11.328987 1 2
           96.300000   2.462033 -12.547371  11.339987 1 2
           96.400000   2.462033 -12.547371  11.338987 1 2
           96.500000   2.462033 -12.547371  11.333987 1 2
           96.600000   2.470552 -12.547371  11.332987 1 2
           96.700000   2.462033 -12.547371  11.333987 1 2
           96.800000   2.462033 -12.536267  11.338987 1 2
           96.900000   2.470552 -12.547371  11.339987 1 2
           97.000000   2.462033 -12.558475  11.329987 1 2
           97.100000   2.462033 -12.558475  11.328987 1 2
           97.200000   2.462033 -12.547371  11.329987 1 2
           97.300000   2.453514 -12.536267  11.336987 1 2
           97.400000   2.470552 -12.536267  11.342987 1 2
           97.500000   2.462033 -12.547371  11.334987 1 2
           97.600000   2.470552 -12.547371  11.316987 1 2
           97.700000   2.462033 -12.536267  11.313987 1 2
           97.800000   2.470552 -12.536267  11.335987 1 2
           97.900000   2.462033 -12.547371  11.353987 1 2
           98.000000   2.462033 -12.547371  11.338987 1 2
           98.100000   2.462033 -12.547371  11.330987 1 2
           98.200000   2.462033 -12.547371  11.339987 1 2
           98.300000   2.453514 -12.547371  11.329987 1 2
           98.400000   2.462033 -12.547371  11.322987 1 2
           98.500000   2.462033 -12.547371  11.320987 1 2
           98.600000   2.453514 -12.536267  11.322987 1 2
           98.700000   2.462033 -12.547371  11.327987 1 2
           98.800000   2.462033 -12.547371  11.340987 1 2
           98.900000   2.453514 -12.558475  11.324987 1 2
           99.000000   2.462033 -12.547371  11.328987 1 2
           99.100000   2.470552 -12.547371  11.324987 1 2
           99.200000   2.453514 -12.547371  11.310987 1 2
           99.300000   2.444994 -12.547371  11.312987 1 2
           99.400000   2.444994 -12.547371  11.312987 1 2
           99.500000   2.462033 -12.547371  11.322987 1 2
           99.600000   2.453514 -12.547371  11.322987 1 2
           99.700000   2.453514 -12.547371  11.323987 1 2
           99.800000   2.453514 -12.547371  11.321987 1 2
           99.900000   2.453514 -12.536267  11.327987 1 2
          100.000000   2.453514 -12.547371  11.322987 1 2
          100.100000   2.453514 -12.547371  11.318987 1 2
          100.200000   2.453514 -12.536267  11.316987 1 2
          100.300000   2.453514 -12.547371  11.303987 1 2
          100.400000   2.453514 -12.547371  11.297987 1 2
          100.500000   2.444994 -12.536267  11.307987 1 2
          100.600000   2.436475 -12.536267  11.311987 1 2
          100.700000   2.427956 -12.558475  11.303987 1 2
          100.800000   2.410918 -12.558475  11.304987 1 2
          100.900000   2.393880 -12.558475  11.307987 1 2
          101.000000   2.359803 -12.580683  11.300987 1 2
          101.100000   2.325726 -12.591786  11.279987 1 2
          101.200000   2.283131 -12.613994  11.277987 1 2
          101.300000   2.223497 -12.636202  11.288987 1 2
          101.400000   2.163863 -12.658410  11.290987 1 2
          101.500000   2.104229 -12.680618  11.294987 1 2
          101.600000   2.019037 -12.713929  11.300987 1 2
          101.700000   1.925327 -12.758345  11.304987 1 2
          101.800000   1.831616 -12.802760  11.297987 1 2
          101.900000   1.737905 -12.836072  11.300987 1 2
          102.000000   1.618637 -12.880487  11.311987 1 2
          102.100000   1.507889 -12.936007  11.324987 1 2
          102.200000   1.371582 -12.980422  11.327987 1 2
          102.300000   1.243795 -13.035942  11.316987 1 2
          102.400000   1.098970 -13.102565  11.327986 1 2
          102.500000   0.954144 -13.180292  11.325986 1 2
          102.600000   0.817838 -13.202500  11.327986 1 2
          102.700000   0.664493 -13.269123  11.321986 1 2
          102.800000   0.502630 -13.357954  11.316986 1 2
          102.900000   0.340766 -13.402369  11.311986 1 2
          103.000000   0.187421 -13.457889  11.308986 1 2
          103.100000   0.017038 -13.546720  11.305986 1 2
          103.200000  -0.161864 -13.635551  11.309985 1 2
          103.300000  -0.315208 -13.713278  11.314985 1 2
          103.400000  -0.494110 -13.779901  11.321985 1 2
          103.500000  -0.664493 -13.846524  11.317985 1 2
          103.600000  -0.826357 -13.913147  11.318985 1 2
          103.700000  -0.988221 -13.979770  11.313985 1 2
          103.800000  -1.141566 -14.057497  11.327984 1 2
          103.900000  -1.311948 -14.124121  11.337984 1 2
          104.000000  -1.465293 -14.179640  11.338984 1 2
          104.100000  -1.627157 -14.257367  11.339984 1 2
          104.200000  -1.780502 -14.312886  11.340984 1 2
          104.300000  -1.916808 -14.379509  11.324983 1 2
          104.400000  -2.070153 -14.446133  11.310983 1 2
          104.500000  -2.223497 -14.490548  11.309983 1 0
          104.600000  -2.385361 -14.523860  11.304983 1 0
          104.700000  -2.521667 -14.590483  11.298983 1 0
          104.800000  -2.649455 -14.668210  11.292983 1 0
          104.900000  -2.794280 -14.745937  11.291982 1 0
          105.000000  -2.930586 -14.790352  11.287982 1 0
          105.100000  -3.066893 -14.845871  11.282982 1 0
          105.200000  -3.160603 -14.923599  11.283982 1 1
          105.300000  -3.313948 -14.979118  11.289982 1 1
          105.400000  -3.450255 -15.045741  11.298981 1 1
          105.500000  -3.552484 -15.067949  11.291981 1 1
          105.600000  -3.680272 -15.134572  11.279981 1 1
          105.700000  -3.791020 -15.190091  11.289981 1 1
          105.800000  -3.935846 -15.245610  11.295981 1 1
          105.900000  -4.038076 -15.312233  11.277980 1 1
          106.000000  -4.174382 -15.412168  11.267980 1 1
          106.100000  -4.302169 -15.467687  11.272980 1 0
          106.200000  -4.412918 -15.523207  11.281980 1 1
          106.300000  -4.506629 -15.567622  11.269979 1 1
          106.400000  -4.608859 -15.645349  11.287979 1 1
          106.500000  -4.728127 -15.678661  11.267979 1 1
          106.600000  -4.830357 -15.711972  11.274979 1 1
          106.700000  -4.932587 -15.745284  11.300979 1 1
          106.800000  -5.034816 -15.789699  11.272978 1 1
          106.900000  -5.137046 -15.845219  11.284978 1 1
          107.000000  -5.239276 -15.889634  11.290978 1 1
          107.100000  -5.332987 -15.934049  11.295978 1 1
          107.200000  -5.375582 -15.878530  11.303978 1 1
          107.300000  -5.443736 -15.900738  11.308978 1 1
          107.400000  -5.520408 -15.911842  11.300978 1 1
          107.500000  -5.597080 -15.945153  11.295978 1 1
          107.600000  -5.690791 -15.989568  11.302977 1 1
          107.700000  -5.775982 -16.022880  11.292977 1 1
          107.800000  -5.852655 -16.067295  11.286977 1 1
          107.900000  -5.937846 -16.100607  11.283977 1 1
          108.000000  -6.023038 -16.145022  11.275977 1 1
          108.100000  -6.108229 -16.178334  11.282977 1 1
          108.200000  -6.193421 -16.222749  11.276976 1 1
          108.300000  -6.270093 -16.267165  11.268976 1 1
          108.400000  -6.346766 -16.289372  11.269976 1 1
          108.500000  -6.431957 -16.333788  11.287976 1 1
          108.600000  -6.517149 -16.367099  11.280976 1 1
          108.700000  -6.593821 -16.400411  11.271975 1 1
          108.800000  -6.670493 -16.444826  11.275975 1 1
          108.900000  -6.747166 -16.478138  11.281975 1 1
          109.000000  -6.823838 -16.511449  11.279975 1 1
          109.100000  -6.900510 -16.555865  11.274975 1 1
          109.200000  -6.960144 -16.578072  11.275975 1 1
          109.300000  -7.130528 -16.711319  11.313974 1 2
          109.400000  -7.198681 -16.755734  11.317974 1 2
          109.500000  -7.275353 -16.800150  11.327974 1 2
          109.600000  -7.352026 -16.822357  11.343974 1 2
          109.700000  -7.420179 -16.855669  11.347973 1 2
          109.800000  -7.488332 -16.900084  11.326973 1 2
          109.900000  -7.556485 -16.922292  11.334973 1 2
          110.000000  -7.624639 -16.955603  11.338973 1 2
          110.100000  -7.692792 -16.988915  11.338973 1 2
          110.200000  -7.760945 -17.022226  11.332973 1 2
          110.300000  -7.820579 -17.055538  11.320972 1 2
          110.400000  -7.880213 -17.077746  11.328972 1 2
          110.500000  -7.956886 -17.122161  11.334972 1 2
          110.600000  -8.008000 -17.166576  11.334972 1 2
          110.700000  -8.067635 -17.177680  11.328972 1 2
          110.800000  -8.127269 -17.210992  11.325972 1 2
          110.900000  -8.186903 -17.244303  11.325971 1 2
          111.000000  -8.246537 -17.277615  11.332971 1 2
          111.100000  -8.306171 -17.310926  11.336971 1 2
          111.200000  -8.374324 -17.344238  11.333971 1 2
          111.300000  -8.416920 -17.366446  11.328971 1 2
          111.400000  -8.485073 -17.388653  11.327971 1 2
          111.500000  -8.536188 -17.421965  11.324970 1 2
          111.600000  -8.595822 -17.466380  11.330970 1 2
          111.700000  -8.646937 -17.499692  11.334970 1 2
          111.800000  -8.698052 -17.521900  11.331970 1 2
          111.900000  -8.757686 -17.544107  11.338970 1 2
          112.000000  -8.808801 -17.577419  11.336970 1 2
          112.100000  -8.859916 -17.610730  11.338969 1 2
          112.200000  -8.919550 -17.644042  11.340969 1 2
          112.300000  -8.979184 -17.655146  11.334969 1 2
          112.400000  -9.021780 -17.688457  11.334969 1 2
          112.500000  -9.081414 -17.732873  11.338969 1 2
          112.600000  -9.132529 -17.755080  11.345969 1 2
          112.700000  -9.183644 -17.777288  11.331969 1 2
          112.800000  -9.234759 -17.810599  11.341968 1 2
          112.900000  -9.285874 -17.843911  11.340968 1 2
          113.000000  -9.336989 -17.866119  11.330968 1 2
          113.100000  -9.362546 -17.899430  11.320968 1 2
          113.200000  -9.422180 -17.932742  11.326968 1 2
          113.300000  -9.473295 -17.954949  11.314968 1 2
          113.400000  -9.507372 -17.977157  11.314968 1 2
          113.500000  -9.558487 -18.021573  11.318967 1 2
          113.600000  -9.601083 -18.043780  11.320967 1 2
          113.700000  -9.660717 -18.077092  11.314967 1 2
          113.800000  -9.686274 -18.099299  11.311967 1 2
          113.900000  -9.745908 -18.132611  11.318967 1 2
          114.000000  -9.788504 -18.165922  11.314967 1 2
          114.100000  -9.848138 -18.199234  11.325966 1 2
          114.200000  -9.899253 -18.221442  11.322966 1 2
          114.300000  -9.950368 -18.254753  11.316966 1 2
          114.400000 -10.001483 -18.288065  11.308966 1 2
          114.500000 -10.052598 -18.321376  11.307966 1 2
          114.600000 -10.103713 -18.343584  11.310966 1 2
          114.700000 -10.163347 -18.387999  11.308965 1 2
          114.800000 -10.214462 -18.421311  11.308965 1 2
          114.900000 -10.274096 -18.454622  11.312965 1 2
          115.000000 -10.342249 -18.487934  11.310965 1 2
          115.100000 -10.401883 -18.532349  11.314965 1 2
          115.200000 -10.470037 -18.565661  11.312964 1 2
          115.300000 -10.538190 -18.610076  11.302964 1 2
          115.400000 -10.614862 -18.654492  11.301964 1 1
          115.500000 -10.691535 -18.710011  11.297964 1 1
          115.600000 -10.759688 -18.754426  11.293963 1 0
          115.700000 -10.836360 -18.821049  11.285963 1 0
          115.800000 -10.913033 -18.865465  11.280963 1 0
          115.900000 -11.006744 -18.954295  11.282962 1 0
          116.000000 -11.074897 -18.965399  11.277962 1 0
          116.100000 -11.168608 -19.020918  11.274962 1 0
          116.200000 -11.262318 -19.065334  11.282962 1 1
          116.300000 -11.356029 -19.120853  11.286961 1 1
          116.400000 -11.441221 -19.165268  11.281961 1 1
          116.500000 -11.534931 -19.220787  11.285961 1 1
          116.600000 -11.603085 -19.254099  11.277960 1 1
          116.700000 -11.705315 -19.320722  11.280960 1 1
          116.800000 -11.807544 -19.376241  11.281960 1 1
          116.900000 -11.909774 -19.431760  11.294959 1 1
          117.000000 -12.003485 -19.476176  11.292959 1 1
          117.100000 -12.105715 -19.531695  11.276959 1 1
          117.200000 -12.207945 -19.598318  11.282958 1 1
          117.300000 -12.310175 -19.664941  11.282958 1 1
          117.400000 -12.420924 -19.720460  11.282957 1 1
          117.500000 -12.531673 -19.787083  11.273957 1 1
          117.600000 -12.642422 -19.842602  11.270957 1 1
          117.700000 -12.736133 -19.909225  11.266956 1 1
          117.800000 -12.855401 -19.975848  11.261956 1 1
          117.900000 -12.974669 -20.042471  11.257955 1 1
          118.000000 -13.085418 -20.097990  11.266955 1 1
          118.100000 -13.213206 -20.164613  11.276954 1 1
          118.200000 -13.315436 -20.220133  11.275954 1 1
          118.300000 -13.434704 -20.297859  11.256953 1 1
          118.400000 -13.562491 -20.353378  11.240953 1 1
          118.500000 -13.664721 -20.408898  11.248953 1 1
          118.600000 -13.783990 -20.486625  11.239952 1 1
          118.700000 -13.903258 -20.564351  11.241952 1 1
          118.800000 -14.022526 -20.619871  11.245951 1 1
          118.900000 -14.141794 -20.675390  11.273951 1 0
          119.000000 -14.261063 -20.742013  11.301950 1 0
          119.100000 -14.371812 -20.808636  11.268950 1 0
          119.200000 -14.516638 -20.864155  11.261949 1 0
          119.300000 -14.652944 -20.908570  11.277949 1 0
          119.400000 -14.755174 -20.930777  11.263949 1 0
          119.500000 -14.882961 -21.041816  11.244948 1 0
          119.600000 -15.036306 -21.119543  11.217947 1 0
          119.700000 -15.155575 -21.197269  11.234947 1 0
          119.800000 -15.283362 -21.274996  11.236946 1 0
          119.900000 -15.419669 -21.341619  11.178946 1 0
          120.000000 -15.607090 -21.419345  11.081945 1 0
          120.100000 -15.717839 -21.519280  11.111944 1 0
          120.200000 -15.854146 -21.585903  11.113944 1 1
          120.300000 -15.973414 -21.674733  11.028943 1 0
          120.400000 -16.109720 -21.741356  10.999943 1 0
          120.500000 -16.246027 -21.841291  10.946942 1 0
          120.600000 -16.382334 -21.919017  10.924941 1 0
          120.700000 -16.501602 -21.985640  10.881941 1 0
          120.800000 -16.646428 -22.041159  10.894940 1 0
          120.900000 -16.799773 -22.129990  10.913939 1 0
          121.000000 -16.927560 -22.207716  10.896939 1 0
          121.100000 -17.063867 -22.285443  10.885938 1 0
          121.200000 -17.200173 -22.374274  10.890937 1 1
          121.300000 -17.353518 -22.452001  10.908937 1 1
          121.400000 -17.481306 -22.518623  10.866936 1 1
          121.500000 -17.617612 -22.618558  10.858935 1 1
          121.600000 -17.753919 -22.685181  10.870935 1 1
          121.700000 -17.881707 -22.762908  10.866934 1 1
          121.800000 -18.026532 -22.851738  10.843934 1 1
          121.900000 -18.162839 -22.940569  10.807933 1 1
          122.000000 -18.299146 -23.040503  10.791932 1 1
          122.100000 -18.435452 -23.096022  10.809931 1 0
          122.200000 -18.605836 -23.251476  10.774930 1 1
          122.300000 -18.759181 -23.295891  10.766930 1 1
          122.400000 -18.904006 -23.384721  10.764929 1 1
          122.500000 -19.040313 -23.462448  10.764928 1 1
          122.600000 -19.185139 -23.551278  10.715928 1 1
          122.700000 -19.321446 -23.629005  10.715927 1 1
          122.800000 -19.457752 -23.706732  10.756926 1 0
          122.900000 -19.594059 -23.784459  10.739925 1 0
          123.000000 -19.738885 -23.862185  10.728925 1 0
          123.100000 -19.875192 -23.962120  10.707924 1 0
          123.200000 -20.028537 -24.039846  10.730923 1 1
          123.300000 -20.173363 -24.128677  10.742922 1 1
          123.400000 -20.309669 -24.206404  10.734922 1 1
          123.500000 -20.454495 -24.295234  10.761921 1 1
          123.600000 -20.590802 -24.339649  10.753920 1 0
          123.700000 -20.667474 -24.428480  10.745920 1 0
          123.800000 -20.812300 -24.506207  10.756919 1 0
          123.900000 -20.931569 -24.606141  10.756918 1 0
          124.000000 -21.076395 -24.694972  10.756917 1 0
          124.100000 -21.195663 -24.739387  10.769917 1 0
          124.200000 -21.323451 -24.806010  10.742916 1 1
          124.300000 -21.459757 -24.861529  10.698915 1 0
          124.400000 -21.596064 -24.939255  10.697915 1 0
          124.500000 -21.749409 -25.005878  10.706914 1 0
          124.600000 -21.894235 -25.105812  10.695913 1 0
          124.700000 -22.030542 -25.183539  10.693912 1 0
          124.800000 -22.158329 -25.261266  10.682911 1 0
          124.900000 -22.294636 -25.350096  10.679911 1 0
          125.000000 -22.413904 -25.427823  10.663910 1 0
          125.100000 -22.567249 -25.516653  10.688909 1 0
          125.200000 -22.712075 -25.605484  10.651908 1 1
          125.300000 -22.848382 -25.716522  10.635907 1 1
          125.400000 -22.967651 -25.805353  10.627906 1 1
          125.500000 -23.095438 -25.860871  10.601906 1 1
          125.600000 -23.248783 -25.949702  10.650905 1 1
          125.700000 -23.376571 -26.038533  10.654904 1 1
          125.800000 -23.521397 -26.127363  10.631903 1 0
          125.900000 -23.640665 -26.193986  10.605902 1 0
          126.000000 -23.785491 -26.305024  10.614901 1 0
          126.100000 -23.938837 -26.393855  10.662900 1 0
          126.200000 -24.049586 -26.449373  10.631900 1 1
          126.300000 -24.177373 -26.504892  10.626899 1 1
          126.400000 -24.305161 -26.582619  10.592898 1 1
          126.500000 -24.449987 -26.671449  10.587897 1 1
          126.600000 -24.560736 -26.738072  10.564897 1 1
          126.700000 -24.697043 -26.815799  10.564896 1 1
          126.800000 -24.833350 -26.904629  10.574895 1 1
          126.900000 -24.961137 -26.960148  10.563894 1 1
          127.000000 -25.080406 -27.015667  10.557893 1 1
          127.100000 -25.216712 -27.115601  10.542892 1 1
          127.200000 -25.378577 -27.204432  10.510891 1 1
          127.300000 -25.506364 -27.293262  10.496891 1 1
          127.400000 -25.642671 -27.370989  10.475890 1 1
          127.500000 -25.770459 -27.482027  10.509889 1 1
          127.600000 -25.915285 -27.570857  10.514888 1 1
          127.700000 -26.060111 -27.659688  10.501887 1 1
          127.800000 -26.187899 -27.737414  10.504886 1 1
          127.900000 -26.315686 -27.792933  10.487885 1 1
          128.000000 -26.460512 -27.903971  10.455884 1 1
          128.100000 -26.596819 -27.992802  10.462883 1 1
          128.200000 -26.733126 -28.059424  10.462882 1 1
          128.300000 -26.860913 -28.148255  10.450881 1 1
          128.400000 -26.980182 -28.237085  10.441880 1 1
          128.500000 -27.125008 -28.314812  10.414879 1 1
          128.600000 -27.252796 -28.414746  10.407878 1 1
          128.700000 -27.389102 -28.470265  10.401878 1 1
          128.800000 -27.508371 -28.536888  10.380877 1 1
          128.900000 -27.653197 -28.625718  10.360876 1 1
          129.000000 -27.798023 -28.736756  10.347875 1 1
          129.100000 -27.925810 -28.803379  10.348874 1 1
          129.200000 -28.079156 -28.903313  10.365873 1 1
          129.300000 -28.215463 -28.981039  10.344872 1 1
          129.400000 -28.351770 -29.080974  10.353871 1 1
          129.500000 -28.505115 -29.158700  10.354870 1 1
          129.600000 -28.632902 -29.236427  10.341869 1 1
          129.700000 -28.769209 -29.336361  10.338868 1 1
          129.800000 -28.914036 -29.414088  10.362867 1 1
          129.900000 -29.050342 -29.502918  10.332866 1 1
          130.000000 -29.186649 -29.591748  10.334864 1 1
          130.100000 -29.314437 -29.680579  10.347863 1 1
          130.200000 -29.459263 -29.758305  10.349862 1 1
          130.300000 -29.595570 -29.847136  10.345861 1 1
          130.400000 -29.731877 -29.902655  10.352861 1 1
          130.500000 -29.859665 -29.991485  10.341860 1 1
          130.600000 -29.995972 -30.102523  10.336858 1 1
          130.700000 -30.123759 -30.180250  10.340857 1 1
          130.800000 -30.260066 -30.224665  10.355857 1 1
          130.900000 -30.396373 -30.302391  10.348856 1 1
          131.000000 -30.532680 -30.424533  10.350854 1 1
          131.100000 -30.660468 -30.524467  10.353853 1 1
          131.200000 -30.788256 -30.568882  10.348852 1 1
          131.300000 -30.924563 -30.646609  10.338851 1 1
          131.400000 -31.069389 -30.735439  10.332850 1 1
          131.500000 -31.205696 -30.824270  10.338849 1 1
          131.600000 -31.350522 -30.924204  10.336848 1 1
          131.700000 -31.469791 -31.001930  10.330847 1 1
          131.800000 -31.606098 -31.079657  10.339846 1 1
          131.900000 -31.742405 -31.157383  10.340845 1 1
          132.000000 -31.887231 -31.246214  10.341844 1 1
          132.100000 -32.023538 -31.335044  10.351843 1 1
          132.200000 -32.168364 -31.423874  10.328841 1 1
          132.300000 -32.287633 -31.501601  10.346840 1 1
          132.400000 -32.415420 -31.579327  10.335839 1 1
          132.500000 -32.568766 -31.668158  10.336838 1 1
          132.600000 -32.722111 -31.768092  10.343837 1 1
          132.700000 -32.849899 -31.834714  10.325836 1 1
          132.800000 -32.986206 -31.934649  10.335835 1 1
          132.900000 -33.105474 -32.001271  10.323834 1 1
          133.000000 -33.258820 -32.078998  10.327833 1 1
          133.100000 -33.395127 -32.156724  10.327831 1 1
          133.200000 -33.522914 -32.234450  10.301830 1 1
          133.300000 -33.676260 -32.334385  10.290829 1 1
          133.400000 -33.846644 -32.445423  10.315828 1 1
          133.500000 -33.948874 -32.523149  10.296827 1 1
          133.600000 -34.076662 -32.589772  10.291826 1 1
          133.700000 -34.221488 -32.667498  10.298824 1 1
          133.800000 -34.357795 -32.734121  10.278823 1 1
          133.900000 -34.485583 -32.811847  10.290822 1 1
          134.000000 -34.621890 -32.889574  10.285821 1 1
          134.100000 -34.766716 -32.967300  10.293820 1 1
          134.200000 -34.885984 -33.022819  10.292819 1 1
          134.300000 -35.022291 -33.089441  10.284818 1 1
          134.400000 -35.141560 -33.167168  10.284817 1 1
          134.500000 -35.269348 -33.244894  10.273816 1 1
          134.600000 -35.397135 -33.311517  10.253815 1 1
          134.700000 -35.524923 -33.378139  10.254814 1 1
